sqrt(1000) = 31.622776601683793319988935444327185337195551393252...
Now we print the FVectors with various precision!
PInt        = (3,0,0,0)
PFloat      = (3.162277698516845703125,0,0,0)
PDouble     = (3.1622776601683795227870632515987381339,0,0,0)
PLongDouble = (3.1622776601683793319674808941499577486,0,0,0)
PQuad       = (3.16227766016837933199889354443271853576e+00,0.00000000000000000000000000000000000000e+00,0.00000000000000000000000000000000000000e+00,0.00000000000000000000000000000000000000e+00)
